{
    "asset": {
        "generator": "COLLADA2GLTF",
        "version": "2.0"
    },
    "scenes": [
        {
            "nodes": [
                0
            ]
        }
    ],
    "scene": 0,
    "nodes": [
        {
            "children": [
                1
            ],
            "matrix": [
                1.0,
                0.0,
                0.0,
                0.0,
                0.0,
                0.0,
                -1.0,
                0.0,
                0.0,
                1.0,
                0.0,
                0.0,
                0.0,
                0.0,
                0.0,
                1.0
            ],
            "name": "Z_UP"
        },
        {
            "children": [
                3,
                2
            ],
            "name": "Armature"
        },
        {
            "mesh": 0,
            "skin": 0,
            "name": "godot_battle_bot"
        },
        {
            "children": [
                10,
                7,
                4
            ],
            "matrix": [
                1.0,
                2.356405417458518e-7,
                3.6887630727733277e-8,
                0.0,
                -7.846168159630905e-11,
                -0.1543334424495697,
                0.9880188703536988,
                0.0,
                2.385102959578944e-7,
                -0.9880188703536988,
                -0.15433359146118165,
                0.0,
                0.0,
                0.2730239927768707,
                7.745876312255859,
                1.0
            ],
            "name": "Root"
        },
        {
            "children": [
                5
            ],
            "matrix": [
                -0.0981033444404602,
                0.14662908017635346,
                0.9843125343322754,
                0.0,
                -0.18289707601070405,
                -0.9748950600624085,
                0.12699678540229798,
                0.0,
                0.9782235622406006,
                -0.16756926476955417,
                0.12246178835630416,
                0.0,
                -0.8588030338287354,
                0.05726463720202446,
                0.10592282563447952,
                1.0
            ],
            "name": "Right_UpperLeg"
        },
        {
            "children": [
                6
            ],
            "matrix": [
                0.9951509237289428,
                -0.024983616545796396,
                0.09513391554355622,
                0.0,
                0.017282873392105104,
                0.9965700507164002,
                0.08092649281024933,
                0.0,
                -0.09682944416999816,
                -0.07888991385698319,
                0.9921695590019226,
                0.0,
                -2.980232238769532e-8,
                3.3418996334075929,
                -3.203749656677246e-7,
                1.0
            ],
            "name": "Right_LowerLeg"
        },
        {
            "matrix": [
                -0.030762625858187677,
                0.08766257017850876,
                -0.995675265789032,
                0.0,
                0.9995265007019044,
                0.0034963134676218039,
                -0.0305736530572176,
                0.0,
                0.0008010324672795832,
                -0.99614417552948,
                -0.0877285897731781,
                0.0,
                -2.8035884724886274e-8,
                3.538247585296631,
                1.610339950275375e-8,
                1.0
            ],
            "name": "Right_Foot"
        },
        {
            "children": [
                8
            ],
            "matrix": [
                -0.09811046719551088,
                0.11043071001768112,
                0.9890263676643372,
                0.0,
                0.1828969419002533,
                -0.974894881248474,
                0.12699685990810398,
                0.0,
                0.9782233834266664,
                0.1933489590883255,
                0.07544606924057007,
                0.0,
                0.8632465600967407,
                0.05726463720202446,
                0.10592323541641236,
                1.0
            ],
            "name": "Left_UpperLeg"
        },
        {
            "children": [
                9
            ],
            "matrix": [
                0.9942232966423036,
                -0.024983510375022889,
                0.10438330471515656,
                0.0,
                0.03300938755273819,
                0.9965702891349793,
                -0.07588257640600205,
                0.0,
                -0.1021294817328453,
                0.0788898691534996,
                0.9916380643844605,
                0.0,
                -1.4901161193847657e-8,
                3.341900110244751,
                1.993030309677124e-7,
                1.0
            ],
            "name": "Left_LowerLeg"
        },
        {
            "matrix": [
                0.030760588124394418,
                -0.08766231685876847,
                -0.9956755042076112,
                0.0,
                0.999526858329773,
                0.0034948866814374925,
                0.03057215735316277,
                0.0,
                0.0007997397915460169,
                -0.9961442351341248,
                0.08772829174995423,
                0.0,
                4.2149181922468419e-9,
                3.5382490158081056,
                -2.1774496872239983e-8,
                1.0
            ],
            "name": "Left_Foot"
        },
        {
            "children": [
                37,
                24,
                11
            ],
            "matrix": [
                1.0,
                -7.164657489511228e-8,
                1.1086868312304432e-8,
                0.0,
                7.167048465817062e-8,
                0.9538831114768982,
                -0.3001784384250641,
                0.0,
                1.0931161753546805e-8,
                0.3001784384250641,
                0.9538830518722534,
                0.0,
                -9.6450616793981e-15,
                1.7916990518569949,
                5.6577846407890329e-8,
                1.0
            ],
            "name": "Chest"
        },
        {
            "children": [
                12
            ],
            "matrix": [
                -0.007733136415481567,
                -0.13512565195560456,
                0.9907976388931274,
                0.0,
                -0.4554934501647949,
                -0.8815906047821045,
                -0.12378740310668946,
                0.0,
                0.8902055025100708,
                -0.45225924253463747,
                -0.05473181232810021,
                0.0,
                -1.533395767211914,
                2.2956507205963136,
                0.106340654194355,
                1.0
            ],
            "name": "Right_UpperArm"
        },
        {
            "children": [
                13
            ],
            "matrix": [
                0.9998666644096376,
                0.009281034581363202,
                0.013434123247861864,
                0.0,
                -0.010403258726000786,
                0.9962382912635804,
                0.08603081107139588,
                0.0,
                -0.012585131451487542,
                -0.08615913987159729,
                0.996201753616333,
                0.0,
                9.313225746154784e-9,
                1.905029535293579,
                1.9138678908348087e-7,
                1.0
            ],
            "name": "Right_LowerArm"
        },
        {
            "children": [
                22,
                20,
                18,
                16,
                14
            ],
            "matrix": [
                0.9943947792053224,
                -0.08335360884666443,
                -0.06504882872104645,
                0.0,
                0.08655473589897156,
                0.9950878620147704,
                0.0480470284819603,
                0.0,
                0.060724396258592609,
                -0.05340801924467087,
                0.9967246651649476,
                0.0,
                -1.5433760935934516e-8,
                2.976590394973755,
                1.806865412845582e-7,
                1.0
            ],
            "name": "Right_Hand"
        },
        {
            "children": [
                15
            ],
            "matrix": [
                0.9720204472541808,
                0.22800438106060029,
                0.056483179330825809,
                0.0,
                -0.2338414043188095,
                0.962027370929718,
                0.14078842103481294,
                0.0,
                -0.02223799005150795,
                -0.1500573605298996,
                0.9884271025657654,
                0.0,
                -0.2511909008026123,
                0.961984395980835,
                0.06838109344244003,
                1.0
            ],
            "name": "Right_UpperPinky"
        },
        {
            "matrix": [
                -0.06593218445777893,
                0.4296217262744904,
                -0.9005985856056213,
                0.0,
                0.030469436198472978,
                0.90300852060318,
                0.4285406768321991,
                0.0,
                0.9973588585853576,
                0.0008139330893754959,
                -0.07262764126062393,
                0.0,
                -4.4703483581542978e-8,
                0.22173771262168885,
                1.0244548320770264e-8,
                1.0
            ],
            "name": "Right_LowerPinky"
        },
        {
            "children": [
                17
            ],
            "matrix": [
                0.9781975746154784,
                0.206667959690094,
                0.02044355869293213,
                0.0,
                -0.2054077535867691,
                0.948300004005432,
                0.2419395446777344,
                0.0,
                0.030614523217082025,
                -0.24086393415927888,
                0.970075786113739,
                0.0,
                -0.07799078524112702,
                1.0433855056762696,
                0.0007368931546807289,
                1.0
            ],
            "name": "Right_UpperRing"
        },
        {
            "matrix": [
                0.03003537468612194,
                0.27039316296577456,
                -0.9622812867164612,
                0.0,
                0.13919539749622346,
                0.9522035121917724,
                0.2719060480594635,
                0.0,
                0.9898093342781068,
                -0.14211198687553409,
                -0.00903771072626114,
                0.0,
                -2.980232238769532e-8,
                0.26771485805511477,
                -8.270144462585449e-7,
                1.0
            ],
            "name": "Right_LowerRing"
        },
        {
            "children": [
                19
            ],
            "matrix": [
                0.9967824816703796,
                0.023792602121829988,
                -0.07654173672199249,
                0.0,
                -0.009655371308326722,
                0.9836168885231018,
                0.18001294136047364,
                0.0,
                0.0795707106590271,
                -0.1786947101354599,
                0.9806817770004273,
                0.0,
                0.09605943411588668,
                1.0488214492797852,
                0.01925843954086304,
                1.0
            ],
            "name": "Right_UpperMiddle"
        },
        {
            "matrix": [
                0.0446651428937912,
                0.3214762508869171,
                -0.9458637833595276,
                0.0,
                -0.005578881129622459,
                0.94687420129776,
                0.3215562105178833,
                0.0,
                0.998986542224884,
                -0.009085484780371188,
                0.04408574476838112,
                0.0,
                1.862645149230957e-8,
                0.27759647369384768,
                -4.699104465544224e-7,
                1.0
            ],
            "name": "Right_LowerMiddle"
        },
        {
            "children": [
                21
            ],
            "matrix": [
                0.9465078115463256,
                -0.23806358873844148,
                -0.2178267538547516,
                0.0,
                0.2742329239845276,
                0.9492200016975404,
                0.1541999727487564,
                0.0,
                0.1700561046600342,
                -0.2056867927312851,
                0.9637291431427002,
                0.0,
                0.2640101611614228,
                0.9823114275932312,
                0.03519030287861824,
                1.0
            ],
            "name": "Right_UpperPointer"
        },
        {
            "matrix": [
                0.12742386758327485,
                0.3281318843364716,
                -0.9359983801841736,
                0.0,
                -0.04006924480199814,
                0.944623589515686,
                0.3257007598876953,
                0.0,
                0.9910387992858888,
                -0.0039973207749426369,
                0.13351556658744813,
                0.0,
                -2.2351741790771488e-7,
                0.2768195271492005,
                1.341104507446289e-7,
                1.0
            ],
            "name": "Right_LowerPointer"
        },
        {
            "children": [
                23
            ],
            "matrix": [
                0.8313683271408081,
                -0.4350156784057617,
                -0.34581485390663149,
                0.0,
                0.4996502995491028,
                0.8575237989425659,
                0.1224850043654442,
                0.0,
                0.24326153099536897,
                -0.27461668848991396,
                0.9302738904953004,
                0.0,
                0.40832579135894778,
                0.6073058843612671,
                0.04190310835838318,
                1.0
            ],
            "name": "Right_UpperThumb"
        },
        {
            "matrix": [
                0.23507243394851685,
                -0.004759404808282852,
                -0.9719661474227904,
                0.0,
                -0.11412643641233444,
                0.9929356575012208,
                -0.032463811337947848,
                0.0,
                0.9652544856071472,
                0.118558369576931,
                0.23286868631839753,
                0.0,
                -2.980232238769532e-8,
                0.3017347753047943,
                4.4703483581542978e-8,
                1.0
            ],
            "name": "Right_LowerThumb"
        },
        {
            "children": [
                25
            ],
            "matrix": [
                -0.12024977803230286,
                -0.1987031102180481,
                0.972655713558197,
                0.0,
                0.4554935097694397,
                -0.8815909624099731,
                -0.12378724664449692,
                0.0,
                0.8820805549621582,
                0.42815253138542178,
                0.19651837646961213,
                0.0,
                1.534437656402588,
                2.2956507205963136,
                0.1063414141535759,
                1.0
            ],
            "name": "Left_UpperArm"
        },
        {
            "children": [
                26
            ],
            "matrix": [
                0.9914228916168212,
                0.009281049482524397,
                0.13036233186721805,
                0.0,
                0.0020652629900723697,
                0.9962381720542908,
                -0.08663304895162583,
                0.0,
                -0.13067597150802613,
                0.08615922927856446,
                0.9876742362976074,
                0.0,
                2.980232238769532e-8,
                1.905029058456421,
                1.0803341865539554e-7,
                1.0
            ],
            "name": "Left_LowerArm"
        },
        {
            "children": [
                35,
                33,
                31,
                29,
                27
            ],
            "matrix": [
                0.9962471127510072,
                -0.0864577442407608,
                0.004094330128282309,
                0.0,
                0.08655460178852081,
                0.9950878620147704,
                -0.048046745359897616,
                0.0,
                0.00007979316433193162,
                0.04822075366973877,
                0.9988367557525636,
                0.0,
                1.2204765198475798e-8,
                2.976590871810913,
                -6.075680971662223e-7,
                1.0
            ],
            "name": "Left_Hand"
        },
        {
            "children": [
                28
            ],
            "matrix": [
                0.9724795818328856,
                0.21154487133026124,
                -0.09763210266828536,
                0.0,
                -0.22481216490268708,
                0.9620274901390076,
                -0.15479831397533418,
                0.0,
                0.061177972704172137,
                0.1724871397018433,
                0.9831098318099976,
                0.0,
                -0.24654871225357057,
                0.9619842171669006,
                -0.0835849717259407,
                1.0
            ],
            "name": "Left_UpperPinky"
        },
        {
            "matrix": [
                -0.09349477291107178,
                -0.4162294268608093,
                -0.9044399857521056,
                0.0,
                0.07393264770507813,
                0.9030084013938904,
                -0.4232132136821747,
                0.0,
                0.9928709268569946,
                -0.10643591731786728,
                -0.05365359783172608,
                0.0,
                -1.4901161193847657e-7,
                0.2217377871274948,
                -1.1362135410308839e-7,
                1.0
            ],
            "name": "Left_LowerPinky"
        },
        {
            "children": [
                30
            ],
            "matrix": [
                0.9797490239143372,
                0.16696149110794068,
                -0.11052346974611284,
                0.0,
                -0.1902582198381424,
                0.948299765586853,
                -0.2540253102779389,
                0.0,
                0.062396951019763956,
                0.2699091136455536,
                0.96086186170578,
                0.0,
                -0.07780034840106964,
                1.0433852672576905,
                -0.005495481193065643,
                1.0
            ],
            "name": "Left_UpperRing"
        },
        {
            "matrix": [
                -0.02922690287232399,
                -0.24593618512153624,
                -0.968845307826996,
                0.0,
                0.17954355478286744,
                0.952203631401062,
                -0.24712803959846497,
                0.0,
                0.9833158254623412,
                -0.1811726838350296,
                0.016326280310750009,
                0.0,
                1.043081283569336e-7,
                0.2677159011363983,
                -1.3783574104309086e-7,
                1.0
            ],
            "name": "Left_LowerRing"
        },
        {
            "children": [
                32
            ],
            "matrix": [
                0.9967229962348938,
                -0.015902377665042878,
                -0.07930993288755417,
                0.0,
                0.0013493332080543042,
                0.9836166501045228,
                -0.1802667081356049,
                0.0,
                0.08087725937366486,
                0.17956899106502534,
                0.9804151058197022,
                0.0,
                0.09705564379692078,
                1.048820972442627,
                -0.013359978795051577,
                1.0
            ],
            "name": "Left_UpperMiddle"
        },
        {
            "matrix": [
                0.034552957862615588,
                -0.3175892233848572,
                -0.9475987553596496,
                0.0,
                0.06494796276092529,
                0.9468742609024048,
                -0.3149781227111817,
                0.0,
                0.9972904324531556,
                -0.05066115409135819,
                0.05334406718611717,
                0.0,
                7.683411240577698e-9,
                0.27759599685668948,
                -5.1083043217659e-7,
                1.0
            ],
            "name": "Left_LowerMiddle"
        },
        {
            "children": [
                34
            ],
            "matrix": [
                0.9564862251281738,
                -0.28997671604156496,
                -0.03236277773976326,
                0.0,
                0.2831326425075531,
                0.9492201805114746,
                -0.13717515766620637,
                0.0,
                0.07049699872732163,
                0.1220431625843048,
                0.9900178909301758,
                0.0,
                0.26566535234451296,
                0.9823108911514282,
                -0.01901104673743248,
                1.0
            ],
            "name": "Left_UpperPointer"
        },
        {
            "matrix": [
                0.12388340383768082,
                -0.3276242315769196,
                -0.9366511106491088,
                0.0,
                0.0625510960817337,
                0.9446232914924622,
                -0.3221396803855896,
                0.0,
                0.99032324552536,
                -0.01868078485131264,
                0.13751639425754548,
                0.0,
                3.129243850708008e-7,
                0.2768186330795288,
                -7.82310962677002e-8,
                1.0
            ],
            "name": "Left_LowerPointer"
        },
        {
            "children": [
                36
            ],
            "matrix": [
                0.8604297637939453,
                -0.509382963180542,
                -0.01377017144113779,
                0.0,
                0.5061942338943481,
                0.8575238585472107,
                -0.09176114201545716,
                0.0,
                0.05854981020092964,
                0.07198360562324524,
                0.9956857562065125,
                0.0,
                0.4101213812828064,
                0.6073058843612671,
                -0.01690328493714333,
                1.0
            ],
            "name": "Left_UpperThumb"
        },
        {
            "matrix": [
                0.1905706822872162,
                0.005514614749699831,
                -0.9816579222679138,
                0.0,
                -0.11739879846572876,
                0.992935299873352,
                -0.017212817445397378,
                0.0,
                0.9746283888816834,
                0.11852574348449709,
                0.18987184762954713,
                0.0,
                1.1920928955078128e-7,
                0.30173540115356448,
                1.564621925354004e-7,
                1.0
            ],
            "name": "Left_LowerThumb"
        },
        {
            "matrix": [
                -1.0,
                -1.1830600499251888e-8,
                -1.518526602239945e-7,
                0.0,
                -3.3588605674594876e-8,
                0.9895638227462769,
                0.1440967321395874,
                0.0,
                1.485631031528101e-7,
                0.14409667253494264,
                -0.9895635843276978,
                0.0,
                1.1796119636642289e-15,
                2.9746124744415285,
                2.980232238769532e-8,
                1.0
            ],
            "name": "Head"
        }
    ],
    "meshes": [
        {
            "primitives": [
                {
                    "attributes": {
                        "JOINTS_0": 1,
                        "NORMAL": 2,
                        "POSITION": 3,
                        "WEIGHTS_0": 4
                    },
                    "indices": 0,
                    "mode": 4,
                    "material": 0
                },
                {
                    "attributes": {
                        "JOINTS_0": 6,
                        "NORMAL": 7,
                        "POSITION": 8,
                        "WEIGHTS_0": 9
                    },
                    "indices": 5,
                    "mode": 4,
                    "material": 1
                }
            ],
            "name": "Cube.012"
        }
    ],
    "skins": [
        {
            "inverseBindMatrices": 10,
            "skeleton": 3,
            "joints": [
                3,
                10,
                37,
                24,
                25,
                26,
                35,
                36,
                33,
                34,
                31,
                32,
                29,
                30,
                27,
                28,
                11,
                12,
                13,
                22,
                23,
                20,
                21,
                18,
                19,
                16,
                17,
                14,
                15,
                7,
                8,
                9,
                4,
                5,
                6
            ],
            "name": "id-controller-45"
        }
    ],
    "accessors": [
        {
            "bufferView": 0,
            "byteOffset": 0,
            "componentType": 5123,
            "count": 23382,
            "max": [
                22827
            ],
            "min": [
                0
            ],
            "type": "SCALAR"
        },
        {
            "bufferView": 1,
            "byteOffset": 0,
            "componentType": 5123,
            "count": 22828,
            "max": [
                34,
                0,
                0,
                0
            ],
            "min": [
                0,
                0,
                0,
                0
            ],
            "type": "VEC4"
        },
        {
            "bufferView": 2,
            "byteOffset": 0,
            "componentType": 5126,
            "count": 22828,
            "max": [
                1.0,
                1.0,
                1.0
            ],
            "min": [
                -1.0,
                -1.0,
                -1.0
            ],
            "type": "VEC3"
        },
        {
            "bufferView": 2,
            "byteOffset": 273936,
            "componentType": 5126,
            "count": 22828,
            "max": [
                3.969592094421387,
                1.4610384702682496,
                14.579588890075684
            ],
            "min": [
                -3.969592094421387,
                -1.2738561630249024,
                -0.07091569900512696
            ],
            "type": "VEC3"
        },
        {
            "bufferView": 3,
            "byteOffset": 0,
            "componentType": 5126,
            "count": 22828,
            "max": [
                1.0,
                0.0,
                0.0,
                0.0
            ],
            "min": [
                1.0,
                0.0,
                0.0,
                0.0
            ],
            "type": "VEC4"
        },
        {
            "bufferView": 0,
            "byteOffset": 46764,
            "componentType": 5123,
            "count": 1356,
            "max": [
                1303
            ],
            "min": [
                0
            ],
            "type": "SCALAR"
        },
        {
            "bufferView": 1,
            "byteOffset": 182624,
            "componentType": 5123,
            "count": 1304,
            "max": [
                34,
                0,
                0,
                0
            ],
            "min": [
                0,
                0,
                0,
                0
            ],
            "type": "VEC4"
        },
        {
            "bufferView": 2,
            "byteOffset": 547872,
            "componentType": 5126,
            "count": 1304,
            "max": [
                0.9786598086357116,
                0.975255846977234,
                0.944638729095459
            ],
            "min": [
                -0.9786598086357116,
                -0.9999889731407166,
                -0.9642646312713624
            ],
            "type": "VEC3"
        },
        {
            "bufferView": 2,
            "byteOffset": 563520,
            "componentType": 5126,
            "count": 1304,
            "max": [
                4.035770893096924,
                1.3164480924606324,
                14.09835720062256
            ],
            "min": [
                -4.035770893096924,
                -0.8584527373313904,
                0.12907731533050538
            ],
            "type": "VEC3"
        },
        {
            "bufferView": 3,
            "byteOffset": 365248,
            "componentType": 5126,
            "count": 1304,
            "max": [
                1.0,
                0.0,
                0.0,
                0.0
            ],
            "min": [
                1.0,
                0.0,
                0.0,
                0.0
            ],
            "type": "VEC4"
        },
        {
            "bufferView": 4,
            "byteOffset": 0,
            "componentType": 5126,
            "count": 35,
            "max": [
                1.0,
                0.4554932117462158,
                0.994494616985321,
                0.0,
                0.14815229177474976,
                0.14936573803424836,
                0.9999857544898988,
                0.0,
                0.6062543392181397,
                0.9999855160713196,
                0.9998528361320496,
                0.0,
                4.718926906585693,
                9.809659004211426,
                6.742306232452393,
                1.0
            ],
            "min": [
                -1.0,
                -0.4554935097694397,
                -0.12152237445116045,
                0.0,
                -1.000003457069397,
                -0.9995296001434326,
                -0.9963926672935486,
                0.0,
                -0.243934765458107,
                -0.9944935441017152,
                -0.4553610682487488,
                0.0,
                -5.076761722564697,
                -12.45952033996582,
                -6.665706634521484,
                1.0
            ],
            "type": "MAT4"
        }
    ],
    "materials": [
        {
            "pbrMetallicRoughness": {
                "baseColorFactor": [
                    0.3517257273197174,
                    0.3517257273197174,
                    0.3517257273197174,
                    1.0
                ],
                "metallicFactor": 0.0
            },
            "emissiveFactor": [
                0.0,
                0.0,
                0.0
            ],
            "name": "battle_bot_colors-fx"
        },
        {
            "pbrMetallicRoughness": {
                "baseColorFactor": [
                    0.05710422247648239,
                    0.5180703401565552,
                    0.64000004529953,
                    1.0
                ],
                "metallicFactor": 0.0
            },
            "emissiveFactor": [
                0.07138027250766754,
                0.6475878953933716,
                0.8000000715255737
            ],
            "name": "battle_bot_emission-fx"
        }
    ],
    "bufferViews": [
        {
            "buffer": 0,
            "byteOffset": 1160576,
            "byteLength": 49476,
            "target": 34963
        },
        {
            "buffer": 0,
            "byteOffset": 967520,
            "byteLength": 193056,
            "byteStride": 8,
            "target": 34962
        },
        {
            "buffer": 0,
            "byteOffset": 388352,
            "byteLength": 579168,
            "byteStride": 12,
            "target": 34962
        },
        {
            "buffer": 0,
            "byteOffset": 2240,
            "byteLength": 386112,
            "byteStride": 16,
            "target": 34962
        },
        {
            "buffer": 0,
            "byteOffset": 0,
            "byteLength": 2240
        }
    ],
    "buffers": [
        {
            "byteLength": 1210052,
